BFS
20 20
0 0
20
3
15 15
14 10
17 10
26 12 7 41 16 15 38 27 23 27 27 36 28 38 31 1 27 24 9 47
17 5 15 4 42 38 42 16 40 25 8 24 8 1 38 8 17 42 17 41
27 16 36 15 32 1 17 5 48 38 9 6 38 37 40 25 1 27 49 23
16 49 21 8 5 32 21 26 0 23 3 21 46 29 31 10 13 1 18 0
5 17 19 33 42 36 37 30 42 10 27 36 35 13 33 41 46 5 42 10
44 1 20 18 12 49 17 43 37 35 21 44 7 40 37 22 17 8 27 5
9 4 0 21 43 32 20 37 40 4 12 27 15 42 37 1 22 6 30 1
23 41 37 43 36 14 28 26 41 19 4 32 27 38 36 24 46 28 4 13
5 45 21 9 47 22 23 49 37 7 34 45 3 2 16 27 9 34 12 28
28 16 13 11 49 30 10 31 13 13 9 11 26 24 1 44 18 8 7 47
40 35 38 48 15 12 27 19 12 31 5 4 16 27 36 11 25 11 23 7
33 42 18 43 12 17 20 1 43 43 31 41 32 24 10 17 9 16 9 31
29 34 19 46 17 46 34 0 41 31 20 20 32 31 1 11 2 27 25 34
35 34 42 49 39 8 11 33 10 36 31 1 37 10 9 42 26 46 33 19
29 2 17 38 40 43 16 9 6 14 31 35 4 25 36 27 4 34 25 44
28 23 8 19 5 40 27 15 19 45 36 42 21 42 28 38 44 25 20 8
15 12 13 29 16 32 2 30 30 39 30 14 5 29 36 32 8 35 5 8
23 33 2 44 21 48 36 7 33 11 8 47 24 26 28 16 41 30 27 49
17 9 21 31 29 9 25 12 39 41 34 44 34 33 36 7 22 27 6 1
2 47 3 4 42 35 7 34 39 49 37 37 18 25 14 21 32 23 41 14

