39 36 47 45 33 29 17 20 21 43 36 37 1 29 44 26 0 44 29 42 33 40 15 21 24 44 13 25 20 23 20 11 7 1 17 45 34 9 47 16 6 34 41 37 20 48 34 41 42 37 8 32 40 10 29 40 38 15 0 35 39 27 21 10 34 4 44 9 40 40 4 32 1 33 48 12 7 14 49 21 27 47 29 26 14 44 33 38 24 30 2 30 29 9 21 46 31 28 46 6
14 13 39 42 31 32 35 36 18 39 17 12 10 17 41 28 12 40 30 1 3 42 18 3 1 44 46 44 18 23 9 16 24 5 46 23 16 21 0 26 20 31 11 3 48 19 29 41 13 14 23 44 25 33 2 7 20 44 32 40 22 33 20 4 7 12 40 45 39 40 28 16 15 3 29 8 7 39 45 49 15 17 6 10 32 37 41 43 5 41 18 37 30 41 47 35 32 21 20 35
30 41 48 43 22 3 7 16 3 17 25 45 49 0 36 7 0 37 12 21 26 21 39 30 4 8 40 44 17 46 1 17 41 20 4 38 31 11 38 31 18 14 19 21 22 2 12 28 44 45 43 41 12 11 23 8 34 4 36 26 19 36 2 48 10 40 49 6 40 20 9 12 7 24 1 32 47 4 4 7 19 4 21 21 2 6 10 32 21 5 0 35 9 22 22 22 18 43 3 17
23 24 24 14 9 7 36 27 16 47 14 3 31 20 29 43 4 42 29 47 41 24 49 24 1 16 21 29 43 31 6 25 41 25 49 35 15 4 27 37 40 48 13 33 10 10 38 4 9 33 28 26 8 32 19 18 10 12 15 10 7 46 46 28 41 46 44 1 6 19 5 43 11 5 40 20 2 28 34 23 17 19 43 42 28 40 33 31 46 22 14 24 22 17 26 35 49 4 46 11
30 1 14 36 24 32 38 2 48 45 45 11 30 34 40 29 24 42 18 31 19 37 40 16 31 38 18 48 6 48 28 8 35 24 33 40 48 29 36 33 13 31 21 36 44 32 29 13 25 30 33 30 25 2 35 40 0 11 38 3 49 0 20 10 21 21 1 7 1 14 47 27 41 6 30 46 45 25 1 41 41 44 36 4 47 14 0 31 13 46 13 45 0 44 15 35 23 35 49 24
2 3 1 43 2 15 5 21 3 14 18 17 30 8 43 13 23 31 28 36 48 44 46 23 8 38 23 43 34 22 33 39 39 25 2 33 29 46 24 33 23 34 34 3 42 4 19 44 13 10 9 36 3 10 31 33 26 19 20 36 6 35 40 49 46 9 48 23 6 43 18 20 20 10 48 2 43 32 44 21 42 40 19 21 48 16 40 8 5 18 9 1 15 31 31 39 21 10 18 3
31 31 0 24 23 30 43 5 32 30 10 43 0 4 22 2 34 15 33 23 43 32 7 31 17 35 6 11 41 7 21 26 5 38 21 46 9 16 20 10 14 11 28 21 31 43 3 33 31 22 32 35 19 28 16 16 17 46 34 23 4 36 39 8 38 47 3 29 12 26 7 26 4 1 39 29 31 43 38 49 20 17 36 33 44 2 43 13 13 36 8 10 39 32 7 3 21 7 33 34
18 17 0 30 10 15 20 9 3 45 49 27 9 32 23 9 23 48 9 38 30 10 3 35 22 28 17 46 21 38 3 17 49 49 15 27 42 10 22 36 7 17 49 30 34 7 38 45 30 24 44 23 45 40 6 7 7 26 14 32 41 27 20 10 10 39 5 38 12 2 29 9 12 41 20 41 22 26 39 12 20 14 42 45 19 12 47 27 39 0 24 25 2 39 39 21 27 15 25 33
6 38 24 36 23 20 6 4 38 0 5 41 15 35 30 44 36 24 8 40 0 35 17 49 41 24 49 26 39 2 19 24 18 32 14 28 24 39 4 35 11 47 47 18 45 1 3 43 11 46 2 7 30 24 32 38 46 32 26 8 31 19 7 30 42 34 15 22 1 1 13 9 2 37 29 5 30 27 16 31 44 6 45 16 28 24 20 9 1 18 25 36 21 29 39 38 1 20 39 18
17 4 35 1 5 7 4 14 28 0 2 2 7 32 38 23 10 5 36 30 39 46 37 24 39 26 6 14 22 39 5 24 9 23 37 21 26 20 23 19 8 48 40 15 43 18 42 30 33 11 1 36 24 10 42 10 17 35 21 34 37 40 6 28 35 38 21 18 14 18 24 35 11 21 13 43 30 16 1 40 6 43 26 45 37 17 39 35 17 47 31 33 10 12 30 30 3 25 29 43
11 46 6 49 30 22 11 34 32 14 24 1 3 23 31 44 3 41 31 36 16 45 35 0 1 13 22 33 43 40 43 30 14 2 47 6 30 42 44 6 25 10 28 40 3 0 1 9 14 11 35 39 29 14 28 49 35 0 6 10 0 45 42 28 29 34 12 19 31 0 15 11 2 22 40 46 40 27 44 36 45 37 47 12 43 10 41 25 14 21 4 12 10 46 6 13 37 11 9 47
5 45 6 14 38 34 7 40 17 35 49 2 46 33 2 20 18 47 39 4 11 44 1 45 41 10 45 13 18 0 32 41 39 4 10 14 46 10 5 27 38 37 26 7 11 2 2 11 31 29 40 44 37 19 24 29 0 27 26 8 12 21 21 28 2 46 20 22 37 13 22 9 8 47 8 28 5 16 24 15 21 19 42 3 43 37 8 36 6 34 21 47 5 10 48 22 5 38 29 5
36 44 5 39 15 9 19 18 7 24 10 17 22 3 9 22 16 31 28 6 30 46 46 48 1 21 40 18 7 40 19 36 41 40 10 28 14 16 33 27 40 22 16 38 42 39 23 20 18 11 46 17 10 1 33 12 39 28 8 29 4 9 33 36 40 22 43 22 28 33 42 46 21 13 30 48 19 27 38 17 32 30 48 26 21 31 47 32 34 46 19 21 19 7 21 1 38 5 13 18
33 23 11 38 42 12 16 20 22 25 8 40 38 36 3 46 9 11 37 6 35 14 42 8 27 37 42 29 21 17 29 46 2 40 41 0 4 6 18 4 3 18 33 19 39 33 8 31 32 2 41 47 12 46 31 10 27 34 7 18 28 35 11 46 22 35 20 11 25 37 36 41 36 4 10 13 21 11 18 32 3 44 22 7 29 21 32 27 22 1 40 39 26 34 45 33 6 17 10 24
37 35 4 42 44 46 10 1 2 33 43 49 28 4 37 30 9 24 7 31 46 7 17 6 30 1 18 33 21 13 46 49 44 17 48 48 30 28 15 13 34 44 19 47 5 16 46 22 49 18 6 24 32 24 24 37 11 9 3 9 43 45 15 3 0 1 43 6 46 12 11 47 48 31 48 5 37 33 40 32 13 34 38 26 17 18 20 44 34 10 44 20 31 39 7 37 15 44 4 46
2 38 4 8 38 38 22 33 44 9 7 14 34 22 16 20 32 4 21 4 7 14 33 10 27 32 35 49 5 1 21 40 3 20 33 0 11 44 4 16 13 20 27 33 12 39 10 32 25 15 48 26 13 47 45 27 15 4 7 1 41 35 2 49 0 46 11 15 32 27 24 28 47 36 41 32 10 45 16 0 41 6 23 25 35 29 27 46 24 29 46 18 7 33 41 46 42 33 39 21
8 45 38 27 15 18 16 42 40 25 20 29 24 17 17 35 5 14 10 18 2 13 24 12 28 45 2 46 16 30 20 23 6 47 33 23 24 5 14 18 14 28 21 28 43 32 12 33 44 21 48 5 24 36 10 34 18 12 5 20 6 40 13 35 1 14 43 20 16 9 30 7 48 6 6 17 40 4 39 45 40 38 5 35 8 22 2 15 22 10 7 46 8 7 32 27 24 24 18 1
15 0 49 30 36 26 26 13 29 35 40 8 7 40 19 35 42 28 4 1 39 23 19 0 20 42 32 25 32 26 5 15 34 7 44 15 16 43 49 19 34 9 22 41 28 9 41 46 49 8 0 23 25 47 17 22 47 18 41 25 17 33 9 7 30 17 28 49 41 34 20 35 24 18 17 2 37 34 16 40 4 46 34 10 34 5 22 16 20 7 20 8 16 10 11 35 28 17 27 46
38 3 10 42 5 42 12 9 1 27 19 15 41 2 12 26 11 43 7 46 38 36 26 31 12 22 13 12 26 9 49 2 33 3 39 43 2 40 33 21 19 42 36 5 24 40 42 17 48 14 5 12 41 20 32 4 30 33 1 16 5 1 41 31 42 0 26 19 47 21 27 4 12 16 32 20 2 13 30 4 2 28 11 13 30 38 44 16 5 14 29 10 1 7 23 31 46 16 48 9
14 42 13 6 3 17 46 41 30 1 5 40 9 23 30 38 26 8 33 46 31 36 25 31 2 49 18 20 47 27 5 25 39 33 34 6 11 29 22 34 31 44 45 28 39 26 37 29 30 34 48 13 41 4 8 13 24 6 42 24 7 38 34 1 45 29 30 36 18 41 33 37 8 24 32 12 36 33 15 17 9 11 0 5 14 11 35 18 21 9 14 16 36 12 14 1 20 25 49 20
46 8 33 24 38 0 19 23 32 19 6 4 35 12 13 47 43 3 24 18 47 29 8 44 6 5 19 8 29 16 12 31 46 48 38 38 6 32 28 8 12 15 26 3 3 45 30 33 45 48 39 33 24 33 6 44 28 18 8 48 46 20 6 46 12 30 33 19 6 44 27 44 40 32 10 34 47 18 31 47 22 38 25 36 26 12 19 3 2 13 1 29 46 46 9 28 12 5 16 31
46 32 43 49 18 0 40 1 33 36 48 13 28 9 28 17 44 5 0 14 2 24 40 17 48 30 21 12 18 48 12 45 38 5 38 37 14 25 10 1 13 8 21 44 45 12 22 48 37 47 13 28 28 21 37 6 41 48 8 35 8 26 28 49 13 48 24 15 38 26 26 38 18 47 40 25 2 15 27 5 39 26 4 42 0 26 30 25 28 1 13 1 10 39 5 22 7 30 3 2
38 45 32 19 14 1 23 9 48 0 10 45 46 42 4 18 45 13 32 27 22 9 38 20 34 37 31 43 20 25 18 23 19 4 23 43 44 1 45 30 8 38 47 24 26 31 35 38 29 25 2 43 20 20 45 3 8 40 27 43 49 47 49 19 47 41 22 35 32 22 41 30 48 15 38 43 39 45 26 2 6 15 22 26 39 2 31 6 14 35 18 22 1 20 44 28 31 9 5 36
45 36 32 46 40 3 37 9 1 38 25 10 16 28 28 8 10 30 17 1 33 26 12 16 38 46 37 13 4 35 1 15 28 42 4 21 38 34 44 12 21 28 22 6 40 34 6 26 15 19 45 17 49 7 31 38 41 18 35 33 6 14 23 39 20 11 0 26 39 24 27 4 22 40 16 19 36 40 23 5 3 29 2 11 16 22 17 13 46 39 8 5 5 27 17 47 15 47 15 8
22 45 41 6 6 39 19 37 12 14 37 47 19 6 41 2 16 0 38 0 8 9 26 8 46 4 37 5 48 49 0 9 23 12 11 12 46 32 16 17 32 5 13 10 13 17 5 21 11 23 26 27 23 19 21 29 48 29 41 20 21 13 0 17 18 24 28 28 13 13 17 0 16 11 42 41 48 6 49 32 29 19 39 43 48 5 21 43 20 47 44 43 36 41 8 6 30 25 17 14
23 38 7 46 44 14 11 10 15 32 39 4 35 31 48 33 2 26 0 49 17 18 1 49 25 11 36 0 26 33 44 20 21 4 2 15 17 38 49 35 3 32 43 35 35 1 4 41 35 5 43 37 33 18 25 27 19 23 33 3 18 35 44 6 22 12 38 43 20 23 26 22 29 41 36 1 44 4 19 31 43 13 10 31 27 46 11 36 44 49 27 42 32 21 44 7 1 19 27 23
46 44 8 35 25 35 49 32 25 10 39 6 9 5 46 2 39 47 16 39 46 38 2 8 8 21 13 28 44 43 36 18 23 11 44 16 43 41 33 4 34 40 38 28 13 0 16 15 32 32 49 15 17 36 10 38 42 26 33 25 36 47 45 21 23 48 15 6 2 37 0 37 47 38 35 26 43 34 23 21 14 22 47 28 26 29 16 22 42 2 29 12 28 1 30 29 30 7 21 26
41 46 4 0 41 12 9 15 11 32 48 11 39 18 20 37 9 36 42 18 12 27 7 1 15 26 35 36 26 35 31 31 5 36 40 37 47 27 41 14 1 8 30 22 43 15 40 9 16 7 46 31 36 39 16 9 3 34 4 42 22 47 7 17 47 3 2 21 13 4 26 23 11 5 27 49 3 5 37 7 25 31 17 35 4 5 32 6 19 34 44 29 22 29 7 11 29 47 7 32
7 5 0 1 23 11 22 30 27 0 10 5 29 16 7 12 9 34 27 9 3 49 39 41 14 32 26 14 14 12 27 15 44 36 25 2 15 4 23 2 24 47 47 36 31 23 16 17 32 33 18 44 35 8 46 27 22 3 39 28 5 7 30 40 18 7 26 47 0 27 40 40 6 9 20 25 48 4 2 26 7 22 0 46 43 42 42 9 36 14 2 30 32 35 44 40 24 24 9 32
6 40 42 36 8 21 35 46 40 39 31 31 49 31 34 24 47 14 33 32 0 33 12 20 27 31 13 2 30 36 20 13 49 42 18 49 19 16 9 5 23 48 45 49 49 27 26 13 38 26 0 22 47 34 11 3 27 23 29 36 19 11 2 19 14 3 6 26 10 31 34 12 8 39 37 46 5 45 13 12 13 2 45 3 5 22 1 47 21 49 0 42 35 26 21 18 2 11 6 37
47 23 4 32 38 8 37 3 19 30 17 42 0 29 6 30 13 15 43 25 42 26 19 48 35 0 42 33 48 32 18 44 40 7 40 2 27 34 9 30 17 2 7 5 45 18 46 34 45 21 46 47 5 5 4 37 35 46 4 42 39 2 2 27 14 22 9 19 34 44 21 28 18 25 42 39 4 46 16 8 42 24 16 14 31 40 9 30 35 0 46 35 12 27 29 31 45 12 12 25
33 27 31 0 28 12 8 19 35 4 37 26 45 39 22 23 38 37 47 46 19 16 7 41 16 14 48 41 32 43 24 46 38 30 21 44 21 20 8 28 42 34 30 31 37 10 48 2 3 31 40 5 30 4 45 31 48 25 41 30 48 43 49 14 10 22 41 47 13 39 3 28 24 28 23 7 44 0 28 27 47 2 15 36 12 1 34 27 31 47 29 27 23 14 45 21 4 3 8 10
32 30 36 47 24 7 31 1 28 8 10 18 33 37 27 6 11 4 37 4 19 24 25 49 22 6 6 2 25 10 44 40 33 27 10 27 35 30 34 40 8 48 44 39 39 34 31 49 41 21 42 12 24 46 24 48 44 27 13 23 2 3 32 37 47 32 43 7 5 34 44 40 27 0 48 14 14 42 25 39 43 4 49 22 44 11 19 29 30 20 8 33 43 28 41 39 3 9 19 43
37 16 21 10 35 47 48 37 28 34 38 2 43 14 45 12 48 16 30 2 42 26 7 33 7 34 43 33 31 6 1 47 25 25 15 49 28 19 14 49 17 15 40 22 39 34 44 17 26 34 37 42 41 33 48 31 30 13 17 27 23 29 1 15 31 24 39 34 16 35 29 38 42 47 41 22 40 18 6 3 40 37 16 39 31 32 42 16 22 49 21 16 10 17 27 5 25 34 2 44
30 39 30 2 36 16 49 7 43 41 0 10 41 22 27 40 24 7 25 34 38 30 46 35 21 48 42 25 39 48 30 12 4 10 6 9 9 44 24 37 15 17 46 45 32 10 42 35 8 36 1 2 1 47 37 42 18 31 16 37 44 21 4 2 37 37 14 16 35 7 3 0 43 13 36 26 29 21 19 25 20 44 6 36 18 31 40 10 48 35 15 46 31 0 2 42 3 24 6 29
36 39 5 11 4 4 46 19 21 12 4 13 44 46 35 37 44 34 26 3 18 43 9 1 27 17 7 15 13 35 32 49 7 31 8 26 32 38 40 1 8 30 29 25 30 17 8 41 10 5 28 25 13 12 44 40 6 16 23 3 47 17 23 8 20 37 37 22 45 4 1 1 17 26 21 31 12 0 11 47 48 31 10 15 17 27 27 24 14 23 26 11 27 26 36 41 44 39 13 33
33 26 7 12 28 25 42 37 2 7 49 41 0 46 49 43 11 14 13 23 9 5 21 37 31 33 46 44 40 14 48 33 24 47 1 33 24 39 41 5 41 5 15 3 30 1 43 28 9 22 6 6 40 6 23 40 39 16 6 4 7 29 17 38 39 4 37 9 8 12 26 41 36 22 32 23 11 17 43 43 23 9 28 36 47 34 8 42 40 35 1 32 37 32 27 24 1 10 30 27
26 13 12 6 36 33 5 42 40 48 28 45 33 19 44 33 0 40 32 18 30 34 1 25 20 17 33 15 22 26 4 31 42 27 6 49 39 36 0 19 11 45 3 28 39 2 42 20 17 29 5 21 19 20 32 44 19 10 42 31 4 32 35 43 37 32 47 26 34 26 10 41 15 27 8 12 17 35 6 0 36 40 41 21 16 10 11 41 6 26 40 31 30 37 20 28 29 36 35 21
16 28 41 9 11 28 39 24 47 22 33 21 41 49 15 1 9 26 1 22 21 12 3 24 31 34 37 35 36 19 41 15 9 11 44 48 5 14 35 29 39 30 26 36 27 46 2 22 49 46 31 36 28 5 30 34 13 39 21 41 21 8 32 9 12 37 28 30 48 44 8 38 0 48 29 3 24 4 40 42 20 4 19 11 14 27 1 17 27 34 23 21 2 24 15 9 13 11 13 7
17 13 49 39 25 20 6 38 48 36 24 5 39 49 1 13 16 36 39 0 40 1 3 32 11 6 36 14 3 35 39 16 45 35 12 44 38 31 1 28 1 10 35 23 22 34 42 1 25 10 14 8 39 26 20 31 37 26 15 3 8 6 45 32 29 7 8 22 4 36 13 18 0 39 20 47 0 42 24 15 30 35 7 28 32 15 13 1 9 34 8 37 45 41 20 41 2 32 7 6
2 29 9 29 23 17 7 45 41 41 8 28 5 29 29 46 17 42 45 32 16 30 7 32 21 33 10 41 49 20 31 6 3 31 14 39 36 29 11 15 38 49 33 49 9 37 47 1 13 39 43 23 27 10 43 37 9 7 33 22 36 33 40 14 38 18 22 40 43 16 16 22 23 17 0 33 20 22 24 14 25 38 26 45 32 11 11 5 46 34 31 24 35 7 43 6 28 27 16 44
49 4 21 31 19 6 15 30 0 20 2 22 40 42 7 15 46 16 20 44 28 23 44 17 43 0 14 16 21 8 39 24 15 21 14 29 4 34 40 3 23 26 15 21 25 17 45 16 47 15 23 26 28 9 30 23 23 12 45 25 8 49 49 5 15 25 45 16 16 13 38 23 5 28 49 9 4 47 1 12 45 48 30 42 21 46 12 41 39 17 2 8 38 9 10 27 26 1 30 18
37 49 34 37 15 21 28 49 47 43 18 14 41 1 21 33 33 22 42 26 26 31 6 33 49 45 6 21 12 38 10 41 10 21 43 38 13 43 42 3 22 23 14 3 48 19 10 21 22 40 35 31 6 24 45 35 41 42 38 36 41 8 7 40 15 27 20 1 40 4 24 25 35 9 34 24 35 32 21 8 26 0 48 37 39 27 1 8 48 2 49 43 25 24 34 2 25 39 2 28
19 37 45 7 8 27 14 41 2 7 33 20 15 19 16 10 35 36 1 42 27 3 12 21 29 19 25 48 32 38 46 14 44 1 22 13 36 9 39 6 30 48 21 4 30 38 0 0 9 9 14 1 19 13 27 46 3 34 44 10 1 30 10 7 33 42 46 34 23 17 25 47 38 5 5 27 39 0 21 34 9 25 28 28 24 6 11 29 8 7 24 8 48 14 46 14 11 9 5 11
31 33 16 13 42 49 32 38 0 40 43 47 17 21 16 34 0 37 5 4 31 45 24 0 5 20 24 40 26 6 6 47 14 27 19 49 45 40 20 22 20 10 38 31 3 21 39 2 6 18 20 4 44 6 45 34 26 14 6 2 0 41 17 32 44 41 6 41 10 3 29 44 19 42 39 8 34 44 21 1 26 7 34 49 23 33 13 49 27 28 8 47 4 27 42 0 14 25 35 39
39 18 43 46 10 29 23 38 14 9 17 3 0 42 0 2 44 1 28 15 43 9 38 7 47 15 32 32 24 17 44 27 1 29 6 15 22 19 40 47 45 15 6 1 0 22 10 37 14 1 42 28 9 46 17 3 25 3 23 46 49 3 34 31 42 20 28 46 25 13 7 41 16 21 13 32 13 19 26 22 32 41 34 31 20 26 12 34 37 45 28 25 42 11 28 36 36 6 20 0
38 28 48 21 49 27 40 23 13 31 15 19 31 3 46 25 10 3 41 32 18 3 21 39 46 12 36 36 34 26 49 40 6 9 20 14 6 19 29 22 8 21 33 35 36 38 36 39 12 21 1 44 1 3 19 11 24 47 38 32 18 32 34 2 26 26 47 1 6 9 26 37 39 35 46 31 37 13 0 22 16 45 35 13 25 44 34 14 41 49 34 19 35 32 42 36 17 45 27 26
48 15 27 21 33 41 26 16 4 29 18 28 31 9 24 28 22 11 15 40 40 30 14 2 21 12 48 35 12 30 15 41 23 25 41 27 21 49 19 27 18 44 24 22 40 15 17 13 40 34 23 0 39 40 47 11 18 41 31 45 18 44 0 47 12 23 32 2 19 28 43 43 21 15 14 0 27 31 30 49 1 26 45 6 6 31 5 2 33 47 41 34 12 46 27 10 8 18 46 49
45 16 20 29 16 38 35 36 27 7 11 33 0 16 28 39 42 30 16 9 27 18 12 8 11 24 8 1 40 7 42 34 15 42 39 22 49 4 43 18 41 36 1 16 38 49 3 40 43 31 27 48 34 0 24 17 22 42 12 42 22 8 17 7 3 5 36 15 17 23 47 44 24 5 35 15 44 15 25 18 6 28 6 33 20 33 14 33 16 16 24 11 5 1 49 14 33 26 8 27
19 15 31 29 46 20 36 49 10 25 24 43 6 21 23 14 0 14 27 14 2 32 44 33 41 47 8 33 43 35 7 14 39 6 42 19 26 25 38 15 4 11 5 11 18 16 40 40 6 19 4 47 23 3 12 40 24 19 4 13 23 23 46 15 31 20 6 29 42 12 31 21 15 27 32 44 17 21 16 23 24 11 36 8 46 32 38 9 40 15 24 41 8 0 39 4 44 18 20 33
15 18 15 49 48 46 16 28 36 15 35 41 47 6 14 17 41 25 28 11 45 49 33 17 9 3 5 45 29 43 36 19 47 8 1 15 1 8 22 0 47 41 16 44 31 15 46 29 32 21 24 2 22 28 8 11 20 4 17 5 15 11 44 34 4 16 0 4 16 45 42 10 29 5 29 23 13 7 16 38 10 22 3 38 6 46 43 12 48 34 14 42 0 49 32 7 28 28 31 31
33 15 11 31 49 39 28 13 33 14 49 11 20 43 9 41 28 20 2 29 16 26 18 20 17 36 24 12 13 31 13 31 44 24 17 34 3 21 16 49 41 47 9 3 14 1 1 29 32 34 9 39 28 34 19 25 40 34 37 3 11 29 20 34 44 19 32 33 45 33 36 12 22 20 42 11 4 45 25 2 22 44 40 11 5 8 40 34 25 42 6 0 21 3 34 3 47 23 37 30
5 2 39 14 12 33 21 43 34 27 6 47 9 14 1 19 18 2 18 31 46 1 48 9 48 2 45 32 3 39 9 49 47 31 42 36 18 22 43 14 22 49 46 26 39 48 32 20 9 33 40 35 5 27 41 48 46 32 20 31 43 42 12 24 46 38 2 15 21 15 11 4 0 43 32 46 16 43 40 4 10 38 44 45 18 18 13 29 15 43 23 1 23 12 39 29 18 27 22 23
15 3 24 13 15 35 11 7 46 22 9 6 21 0 18 8 25 16 36 45 28 12 13 36 0 3 16 33 21 48 19 14 37 11 3 2 38 27 37 36 6 23 35 47 12 47 10 49 1 5 26 40 5 33 25 30 10 4 8 24 29 49 37 13 5 45 33 34 15 7 33 29 10 41 14 36 34 48 32 41 12 36 17 4 21 3 17 26 6 45 25 37 49 37 34 33 2 36 47 47
6 5 33 16 7 5 49 28 36 44 43 38 6 16 1 38 13 31 16 43 27 8 13 20 29 13 15 19 11 39 7 46 25 21 28 15 17 9 31 6 28 22 24 16 41 39 17 47 16 4 12 28 14 43 35 34 0 20 38 45 39 14 43 34 37 24 27 48 4 6 45 25 8 31 34 34 23 25 13 12 42 30 25 25 45 25 22 45 22 31 44 38 47 38 30 24 36 42 4 35
29 7 20 47 21 2 7 20 24 22 7 49 6 43 44 43 42 44 14 25 46 31 4 36 10 11 28 11 18 18 19 18 44 16 30 11 22 40 14 27 25 30 48 4 36 31 5 39 31 44 38 17 20 24 44 24 24 37 19 20 2 23 35 5 1 32 10 21 21 5 14 49 40 40 39 42 4 32 26 42 3 26 15 35 37 9 48 25 40 3 30 1 30 6 37 32 30 14 43 36
46 28 34 39 39 32 19 12 46 8 10 32 43 45 13 32 27 25 23 32 12 7 43 18 14 27 37 42 39 28 6 37 30 19 22 41 34 42 26 49 29 20 22 1 43 8 35 31 10 17 3 47 34 31 44 47 4 30 23 43 44 7 30 38 12 40 49 0 0 42 26 45 29 1 44 47 31 31 16 37 42 16 44 6 30 32 9 16 25 46 3 1 25 34 10 11 5 42 25 22
4 7 41 9 9 42 35 0 47 3 26 18 0 33 31 42 34 33 5 8 4 11 15 4 46 17 12 10 24 4 40 8 16 34 40 34 14 27 12 49 25 44 33 7 27 20 26 2 6 26 43 44 36 36 9 44 40 3 7 12 7 45 47 25 19 15 48 26 32 20 15 38 37 17 30 11 48 29 47 15 29 35 23 44 39 47 28 2 26 5 5 20 49 28 22 35 31 3 6 0
42 44 41 13 14 18 18 5 31 6 2 43 30 6 37 10 7 39 34 3 35 13 46 38 30 39 0 48 48 41 49 7 36 8 16 44 35 2 32 22 5 48 39 31 0 7 28 7 20 7 2 27 49 19 36 41 10 48 47 0 32 35 42 34 42 25 8 24 10 31 7 1 31 18 38 44 38 4 43 49 46 23 5 35 44 49 5 42 35 16 16 28 22 30 24 21 22 20 3 14
25 16 33 14 28 30 28 10 37 14 15 22 26 0 35 22 31 43 10 21 24 9 28 34 34 9 13 9 35 30 39 10 5 24 44 14 24 23 39 10 34 49 39 8 14 41 44 28 29 2 32 48 35 48 48 28 19 27 29 9 28 42 37 49 17 0 9 34 37 43 37 28 12 41 39 38 19 43 11 22 4 48 25 2 17 33 7 14 45 37 32 10 22 31 9 21 47 10 38 3
38 46 17 4 45 43 16 36 45 6 38 3 7 23 20 36 37 12 49 7 12 28 21 6 38 43 25 7 44 40 48 0 21 35 21 21 22 43 40 38 13 49 33 34 33 48 11 24 9 13 3 2 49 46 3 39 41 8 46 21 4 19 4 21 19 33 14 4 36 3 35 16 1 30 42 47 16 32 47 28 2 34 16 36 15 14 14 43 6 42 13 30 0 35 27 34 15 47 4 39
30 47 36 46 19 7 23 0 33 31 26 19 43 0 13 18 46 14 41 33 14 47 45 27 36 45 3 14 23 21 4 46 31 5 1 37 42 32 8 2 49 30 1 49 39 21 37 8 49 34 47 40 27 47 28 26 24 23 43 24 3 45 45 40 25 46 44 20 34 21 3 7 20 42 43 37 41 14 16 6 34 34 9 15 27 38 7 48 22 8 2 37 36 42 12 42 36 41 11 16
19 44 34 21 38 3 15 24 34 20 30 27 48 14 9 9 44 47 11 21 32 7 16 46 2 28 16 40 2 17 40 33 28 24 32 23 2 19 11 36 5 21 45 43 49 23 27 6 21 3 31 24 36 34 5 6 35 28 49 30 46 22 46 23 31 18 47 48 37 16 43 10 23 3 0 35 23 47 48 7 34 19 18 9 26 14 40 12 46 38 38 31 45 23 29 15 2 38 37 24
19 8 47 40 42 19 20 17 12 36 37 27 3 1 35 49 6 49 9 40 0 24 42 0 36 41 46 42 23 26 45 48 24 48 38 41 4 38 1 11 9 11 15 32 19 45 16 49 17 24 18 3 16 15 10 24 25 45 10 12 46 40 7 35 24 32 5 42 6 42 40 34 0 32 1 37 23 13 9 32 15 18 7 37 35 27 19 40 20 10 8 38 5 48 26 14 17 6 6 15
49 8 11 29 29 8 25 5 19 7 6 30 24 0 15 20 48 40 41 15 23 4 17 11 48 3 44 0 24 18 13 22 9 6 5 12 24 10 6 45 14 31 12 40 6 37 20 31 1 35 19 4 45 33 10 15 9 44 36 42 15 42 27 27 32 41 11 40 49 16 4 37 46 42 24 32 28 38 9 1 6 40 24 19 5 4 43 13 3 8 20 48 20 29 22 12 35 36 49 38
47 32 1 38 43 2 37 9 41 13 42 5 12 2 35 13 19 32 31 25 35 44 49 44 39 10 5 9 3 11 34 3 20 8 27 23 34 40 38 46 0 12 42 31 38 26 39 9 25 48 4 38 15 6 14 15 37 42 27 9 7 34 1 20 42 29 43 5 4 12 40 28 1 6 18 45 46 1 12 43 46 16 45 32 21 16 36 41 4 45 43 12 16 44 46 23 28 6 39 26
36 42 1 34 7 3 46 43 45 13 23 46 37 29 3 29 7 38 24 22 21 25 6 38 13 43 37 44 16 18 26 22 23 6 8 19 43 13 42 37 45 16 1 40 40 34 19 30 48 27 45 11 20 33 12 5 26 2 15 43 38 49 23 39 24 47 31 4 6 29 46 4 3 41 9 13 15 11 21 27 26 14 19 11 26 26 30 11 28 7 21 12 25 36 20 36 8 40 6 47
13 13 30 27 8 47 16 39 39 36 31 21 11 40 37 3 12 3 41 44 13 40 17 41 6 40 42 48 15 34 1 1 12 7 0 27 47 20 20 4 9 43 6 10 10 23 14 48 40 34 34 11 45 46 3 3 22 29 20 22 47 14 35 22 42 4 46 27 23 15 38 12 24 26 34 13 3 8 25 18 9 30 8 30 17 5 18 43 10 17 5 3 13 24 22 39 31 18 37 40
0 17 16 31 27 0 44 6 1 38 0 18 13 2 12 30 45 44 5 0 36 36 27 43 47 4 28 1 30 18 10 46 27 1 19 34 4 41 2 40 41 1 39 4 49 2 25 5 6 37 1 25 10 11 11 0 8 9 42 28 20 33 24 41 22 33 26 25 40 14 49 40 20 5 26 31 37 8 0 22 35 20 30 37 38 26 44 15 37 10 44 43 36 3 17 35 36 39 7 43
40 38 2 21 29 3 27 12 13 33 13 19 23 9 37 25 2 16 34 20 25 21 33 12 4 22 16 33 42 24 42 15 23 9 18 1 41 20 30 3 35 48 0 8 28 22 39 45 36 33 45 28 33 1 27 11 15 37 28 16 5 16 32 31 23 40 15 26 28 37 14 39 17 31 3 18 1 10 33 47 9 26 8 26 18 18 17 40 9 31 41 37 0 9 42 37 16 28 32 46
11 16 34 38 43 31 41 1 41 1 34 43 16 11 28 48 10 9 22 33 44 41 3 14 36 19 35 1 29 5 24 8 47 32 21 44 48 16 7 37 16 7 27 14 23 33 32 30 20 40 23 10 13 13 5 44 40 13 3 18 13 37 40 15 17 39 15 26 11 3 47 36 46 17 5 12 14 48 41 40 36 10 1 5 45 8 28 25 25 35 27 34 15 34 23 32 10 33 18 18
34 10 4 33 0 3 18 43 8 3 32 7 16 38 36 0 25 28 31 28 31 30 46 23 12 45 4 14 24 32 32 48 42 34 23 38 9 23 9 2 12 0 45 4 41 28 15 8 38 44 13 22 38 28 39 49 12 34 34 36 11 25 0 12 25 24 20 8 9 19 34 45 39 49 36 34 12 25 27 21 23 32 19 39 32 14 15 6 41 8 27 44 12 43 2 41 11 40 44 27
46 3 26 17 11 37 32 2 35 40 40 17 5 13 0 48 35 3 7 19 3 42 31 47 38 14 44 40 46 33 46 28 43 20 30 47 21 27 21 41 45 28 5 14 47 42 24 37 26 47 20 8 10 42 29 1 30 0 10 6 46 38 2 17 19 10 18 41 8 36 42 15 19 46 47 18 38 29 2 15 32 45 49 41 5 42 3 23 27 23 13 23 16 7 20 27 29 3 46 37
39 4 30 29 38 9 11 40 14 6 34 39 25 47 19 23 34 48 20 15 22 29 43 5 31 5 29 0 26 33 37 20 12 15 20 37 21 46 2 2 21 10 13 47 5 16 25 2 38 43 44 48 47 17 35 20 3 3 6 48 22 44 40 2 22 31 49 31 5 42 21 31 29 26 5 35 20 32 40 48 13 46 20 21 25 44 7 30 8 49 3 5 26 37 35 19 40 13 23 32
20 36 45 41 26 34 26 33 29 4 4 16 4 22 22 1 46 2 47 35 9 6 37 5 2 25 23 23 32 5 21 44 47 47 37 26 3 35 22 15 4 27 18 49 2 6 12 36 49 0 6 13 35 12 20 12 3 21 34 32 40 33 36 43 14 12 37 3 0 9 1 14 34 39 45 49 27 35 32 29 34 5 39 24 20 29 5 37 38 23 9 23 32 4 40 15 44 9 0 48
25 12 39 9 3 17 33 23 44 35 32 7 5 27 48 33 24 18 5 5 43 15 30 38 25 26 6 28 12 44 4 19 33 47 8 3 29 3 18 13 45 24 13 29 44 2 17 5 32 20 20 16 43 18 15 8 5 32 33 28 47 24 14 18 1 16 41 12 49 22 1 5 40 40 28 4 28 15 29 24 33 38 20 33 23 5 37 1 4 33 2 46 27 14 30 45 19 29 41 16
6 34 40 29 13 9 31 18 47 39 37 10 2 1 31 26 46 29 28 18 11 36 40 18 11 30 10 40 49 45 43 17 8 33 39 25 6 26 38 15 33 41 49 30 5 26 44 18 48 1 1 3 38 25 16 43 40 4 33 5 5 3 43 38 5 29 27 30 17 41 8 31 40 46 23 49 46 9 17 49 47 8 25 2 6 0 26 17 22 40 42 6 0 47 31 36 31 36 17 27
39 46 7 22 37 8 38 44 42 45 15 38 21 5 3 12 1 39 8 45 35 28 19 7 6 41 25 15 17 5 38 43 21 46 37 2 0 18 31 2 40 46 6 46 24 28 4 45 36 16 49 29 24 24 48 33 3 0 14 42 0 32 11 25 14 15 40 1 36 12 43 41 49 5 42 49 17 12 29 5 25 17 11 43 21 27 16 7 42 42 33 21 2 20 40 1 19 26 4 7
44 26 49 27 15 35 1 36 43 20 41 11 22 48 47 31 48 42 30 26 35 3 26 6 22 29 13 46 25 44 26 24 34 24 25 40 5 3 34 44 44 4 48 16 46 15 23 42 48 12 7 2 21 42 9 42 45 17 22 42 49 29 23 23 15 21 17 46 14 7 16 49 1 45 36 30 41 16 23 28 30 8 1 14 10 44 4 39 25 0 17 46 6 38 32 14 31 45 25 19
42 8 3 6 26 2 6 35 34 6 43 23 15 40 10 29 33 25 13 20 28 41 14 49 6 7 0 37 23 7 48 31 17 6 39 46 23 8 39 29 42 12 22 26 29 32 15 6 0 28 39 44 36 49 46 47 21 33 1 6 45 9 33 34 36 14 0 33 18 27 10 31 24 47 7 43 31 37 41 30 36 17 24 31 34 46 21 30 33 17 19 2 46 34 42 2 21 0 1 16
34 11 22 14 36 43 46 5 26 11 34 41 14 3 11 34 44 36 35 45 29 46 38 14 6 41 44 27 40 38 43 24 23 29 35 40 42 21 46 32 41 41 2 38 42 9 20 18 3 12 28 29 5 4 46 15 4 47 12 18 2 22 45 46 16 34 43 39 37 43 8 15 45 33 8 30 1 7 0 40 41 42 48 42 38 8 40 28 36 40 34 40 40 29 22 45 4 23 33 5
5 12 32 13 33 16 37 35 27 36 38 19 27 30 8 9 31 37 1 48 28 29 14 48 48 47 25 40 11 15 14 13 14 42 20 45 2 49 19 24 48 21 1 16 1 17 37 28 28 9 40 36 23 1 27 11 35 49 12 17 7 31 5 46 46 36 10 17 37 48 22 45 5 42 38 22 6 33 16 23 5 45 28 23 9 31 17 46 18 0 21 36 41 40 31 18 5 7 3 16
31 25 23 7 2 41 14 47 39 40 6 45 38 0 2 45 32 16 45 4 16 43 40 7 43 21 8 28 22 32 8 24 6 8 14 3 6 18 38 17 43 16 18 6 37 0 46 40 9 18 30 41 9 46 34 26 8 44 12 44 7 41 28 46 21 34 48 13 48 5 14 37 24 44 45 2 38 3 46 12 39 8 25 4 14 15 25 2 16 49 10 28 26 49 29 26 40 3 18 20
29 34 33 0 17 4 5 4 20 6 49 2 36 10 1 20 44 47 1 20 10 28 44 41 49 3 48 22 45 12 17 0 9 16 24 14 21 47 48 3 38 41 36 20 38 39 27 0 30 3 15 10 4 28 17 27 10 4 20 8 27 9 26 41 46 42 7 30 15 23 31 40 25 44 1 38 10 35 41 25 3 6 44 47 20 47 18 8 41 31 32 18 27 6 6 23 1 34 9 40
12 5 5 27 22 25 45 38 12 3 10 49 39 31 16 45 44 21 48 14 29 22 12 13 26 33 1 23 37 28 5 15 23 3 23 29 45 17 6 45 3 27 16 43 6 32 44 2 5 46 11 7 27 22 32 4 33 13 29 19 30 22 24 34 31 30 24 42 48 26 25 43 38 11 31 33 13 39 29 11 10 16 28 38 13 12 36 39 26 36 12 17 9 20 9 8 32 23 31 25
40 46 10 11 35 8 22 32 40 31 42 12 42 2 26 46 42 3 38 47 31 46 39 21 4 26 24 9 31 39 17 24 24 0 15 42 46 6 19 8 28 15 0 3 3 46 40 41 38 33 28 3 27 27 14 27 40 11 43 43 12 14 49 41 24 26 30 47 35 33 48 11 0 10 17 40 30 30 44 26 3 9 34 25 33 20 32 19 8 46 6 26 18 40 49 2 5 42 33 6
2 32 19 44 29 45 13 17 2 25 18 16 44 30 11 4 49 24 40 27 14 12 9 31 48 31 19 25 17 27 19 27 9 45 19 17 20 12 22 39 48 21 45 40 22 3 37 33 45 41 33 0 23 0 20 21 28 15 13 36 23 46 14 46 20 16 39 40 44 9 44 10 32 4 2 6 3 18 4 10 31 40 15 30 16 12 22 35 7 4 14 0 11 32 18 40 34 18 12 42
1 5 22 1 1 28 33 35 1 18 37 11 30 10 4 36 18 26 36 35 45 46 1 8 22 38 33 22 13 12 6 17 19 12 32 26 0 33 15 11 18 45 29 27 45 4 11 45 24 40 17 47 17 42 35 0 10 41 4 9 41 5 19 18 21 0 28 40 1 42 14 41 47 34 35 16 34 35 31 5 32 11 31 30 36 46 44 38 48 11 22 46 49 46 27 43 24 39 30 16
17 40 40 27 17 48 38 30 17 23 5 13 34 2 31 11 7 49 41 37 14 42 28 20 32 25 15 41 26 35 37 39 12 10 39 27 32 22 21 5 29 41 17 10 13 49 20 35 43 36 15 35 43 21 30 49 11 34 2 49 31 13 30 37 48 49 43 29 16 34 4 19 21 21 0 10 43 30 1 46 37 18 40 16 13 26 21 41 15 47 30 21 28 41 33 38 48 36 6 16
18 38 11 7 16 22 4 37 46 17 19 8 38 36 13 34 32 5 19 16 40 20 46 13 30 19 18 44 39 12 40 38 37 21 9 10 29 2 1 33 38 45 34 31 24 29 9 37 32 8 48 11 28 35 46 36 0 17 14 1 11 25 46 44 14 44 49 22 27 4 24 29 14 42 35 23 5 29 3 7 9 19 25 44 6 4 24 47 41 36 25 0 8 25 8 48 37 43 26 30
35 35 2 18 34 48 24 9 4 21 2 20 29 0 38 3 22 22 24 7 16 20 11 18 5 24 41 1 34 30 5 37 14 16 3 3 40 24 19 47 20 23 20 18 33 34 20 10 17 6 33 8 44 36 41 32 40 39 33 48 40 30 0 8 20 25 47 41 17 39 47 11 8 6 17 19 26 15 42 49 29 31 13 29 0 3 36 8 2 1 34 48 28 31 4 11 45 3 3 9
15 0 18 49 5 43 48 43 2 40 33 35 43 38 6 32 30 6 15 1 2 44 25 47 34 16 15 26 49 9 23 36 24 11 11 11 1 36 6 35 35 24 27 44 36 35 8 26 46 8 19 8 40 10 22 18 42 37 2 46 46 3 44 44 32 15 4 26 40 42 39 16 38 35 23 41 49 48 49 48 8 46 8 22 39 47 31 19 28 23 41 7 8 38 4 37 10 7 12 9
4 22 30 28 17 32 28 46 29 28 34 9 33 6 20 6 6 22 43 17 38 0 33 4 31 11 34 27 15 18 34 25 35 44 44 0 17 23 43 39 16 9 33 17 37 32 45 27 48 43 15 26 31 29 23 41 26 30 6 19 24 42 40 20 48 11 26 40 20 17 5 5 13 10 28 3 26 49 0 45 44 9 37 28 15 14 16 33 39 42 18 5 15 20 8 25 6 46 34 38
0 29 26 23 18 4 20 34 21 6 35 48 19 3 18 4 44 29 3 49 5 19 0 49 5 39 16 21 6 15 6 42 16 29 39 34 23 30 25 11 42 27 32 46 2 24 11 29 13 15 20 6 23 13 36 42 1 39 48 4 0 13 15 10 22 14 10 15 8 23 41 8 23 48 31 26 46 18 6 25 17 21 27 40 5 0 34 13 26 20 6 18 8 46 1 42 35 20 29 40
4 18 39 36 46 24 38 40 46 11 48 36 38 21 9 26 47 47 28 49 40 3 38 23 13 42 35 27 46 38 3 12 19 46 27 21 19 12 19 3 38 9 38 33 29 24 5 16 3 6 38 15 0 19 5 33 12 46 13 24 37 40 42 45 23 18 1 15 38 32 4 42 35 16 9 33 43 49 7 29 25 0 44 24 44 0 43 11 29 24 40 26 4 14 42 42 12 2 43 17
12 18 45 28 36 44 45 22 8 9 21 42 4 13 40 35 37 29 23 39 20 30 44 29 37 14 6 2 14 22 37 39 21 23 43 37 41 8 18 36 46 38 9 38 6 48 5 34 19 43 47 18 4 0 46 5 44 0 38 4 31 35 25 48 19 13 42 39 33 3 25 17 11 42 11 29 12 2 26 1 20 22 8 14 21 34 29 14 28 11 34 13 3 21 44 28 26 41 4 29
15 26 23 18 14 3 20 30 42 14 34 10 10 6 2 11 5 12 16 20 26 18 46 22 1 34 9 49 47 45 16 44 7 47 5 8 28 0 17 10 20 43 42 48 1 12 31 12 39 1 1 31 40 29 8 24 22 12 42 45 29 27 31 22 33 35 18 22 21 15 34 32 49 16 16 18 44 10 14 38 21 25 33 10 35 30 42 34 19 49 28 16 45 43 31 24 28 7 18 3
46 19 15 13 21 34 23 20 39 4 32 23 47 23 6 19 10 44 40 41 8 7 10 37 4 6 36 42 15 45 30 39 39 25 9 45 2 36 9 42 17 25 32 32 38 3 30 18 12 12 20 19 26 30 2 11 24 6 39 13 24 13 16 14 47 41 45 22 9 21 14 40 48 30 11 23 21 48 7 23 38 28 29 47 47 38 27 3 43 0 40 13 41 2 6 6 1 0 21 2
22 36 13 35 40 4 31 37 48 13 46 48 22 10 15 45 15 48 22 22 44 3 29 36 43 44 36 29 14 32 14 42 7 32 22 48 19 19 33 29 29 47 34 20 15 30 46 33 8 22 40 41 12 43 1 10 30 45 47 19 42 21 28 22 35 34 21 3 34 22 30 27 37 32 40 19 37 39 29 46 0 28 19 48 4 10 49 10 34 34 40 5 23 39 45 8 48 23 6 38
15 35 49 39 28 12 22 14 28 21 0 13 47 15 9 22 44 5 11 9 30 34 29 10 4 8 46 34 6 9 3 3 34 40 9 17 18 26 0 0 32 34 28 42 20 11 27 22 35 5 9 32 36 41 4 24 27 39 16 27 20 25 10 26 12 33 24 17 29 27 20 38 5 16 43 5 12 18 30 0 18 23 49 20 23 20 25 46 6 4 46 21 18 26 47 17 38 24 34 14
