BFS
20 20
0 0
20
3
12 6
5 17
0 16
8 34 19 42 41 0 23 32 20 23 7 17 10 43 6 46 29 33 8 48
37 37 48 25 47 28 15 41 16 33 32 23 23 8 22 20 15 24 28 25
37 44 37 45 15 9 45 27 22 4 26 41 49 2 3 19 7 43 33 1
9 15 7 24 0 3 45 33 10 8 1 10 29 28 49 30 29 2 33 0
22 9 40 3 0 20 26 31 49 30 25 29 34 26 34 27 48 31 46 29
48 48 41 5 5 31 6 32 44 32 33 17 5 21 23 32 32 22 22 11
19 8 42 22 3 38 12 0 19 27 38 35 36 22 4 35 43 7 0 5
2 2 17 45 41 5 45 14 9 49 22 27 18 10 6 19 39 19 9 42
16 27 10 42 15 13 18 17 11 46 23 48 35 48 13 24 22 3 15 19
6 38 40 2 10 8 46 24 17 3 19 35 48 24 29 33 29 46 20 32
28 31 1 28 5 44 26 18 6 13 40 45 16 36 39 22 37 8 17 24
23 19 0 14 49 0 20 23 35 42 20 24 36 31 33 33 41 38 40 9
43 4 38 45 18 17 11 31 34 6 44 25 23 29 20 11 2 22 32 6
32 4 4 35 37 39 41 18 16 46 19 38 13 42 12 26 27 4 20 15
44 9 15 38 17 13 26 33 31 49 27 41 23 9 16 40 39 26 29 4
43 31 8 24 38 45 2 26 11 36 17 48 35 16 49 27 24 38 11 11
35 45 38 30 43 21 29 20 38 38 48 5 6 7 46 8 29 49 37 38
46 14 31 4 32 13 11 30 18 2 35 10 8 16 39 36 41 13 28 11
12 7 6 25 32 4 12 39 40 29 7 47 34 49 16 43 11 2 27 43
4 33 18 25 5 32 10 41 36 0 22 26 31 13 5 36 18 10 31 35