UCS
15 16
7 7
30
18
3 4
5 5
3 7
12 5
5 4
6 8
7 13
8 2
2 14
14 3
13 13
11 14
10 9
1 1
12 13
11 5
3 13
7 12
0 0 0 0 0 0 0 0 0 0 0 0 0 0 0
0 10 11 23 32 41 51 65 71 87 90 12 54 45 0
0 3 -1 -4 -9 -10 -18 10 23 18 43 45 64 53 0
0 4 4 53 39 53 54 -21 -33 -35 -23 -12 7 24 0
0 5 32 -14 53 78 -12 -34 -32 -21 -7 13 23 33 0
0 7 51 -43 43 98 -23 -36 -43 -31 -9 14 25 35 0
0 9 43 15 68 43 -15 -45 -43 -28 -5 15 26 29 0
0 14 23 -4 34 32 -12 -56 -61 -32 -11 12 4 15 0
0 17 64 51 43 -10 -32 -42 -24 -3 12 25 53 47 0
0 7 43 43 54 -3 -12 -23 -12 1 23 45 65 34 0
0 2 12 15 23 -1 -3 -12 -4 12 32 54 67 42 0
0 -1 53 53 43 15 -1 -3 12 32 53 58 78 54 0
0 -10 46 12 23 32 43 15 43 54 64 65 94 45 0
0 -15 17 43 2 54 31 37 15 31 44 75 123 12 0
0 -7 43 43 -12 41 43 64 46 32 75 54 65 43 0
0 0 0 0 0 0 0 0 0 0 0 0 0 0 0