7,7 7,6 7,5 7,4 7,3 6,2 5,2 4,2 3,2 2,3 3,4 
7,7 6,8 5,9 4,10 3,9 3,8 4,7 5,6 4,6 5,5 
7,7 6,8 5,9 4,10 3,9 3,8 2,7 3,7 
7,7 8,7 9,7 10,7 11,6 12,5 
7,7 6,8 5,9 4,10 3,9 3,8 2,7 3,6 4,5 4,4 5,4 
7,7 6,8 
7,7 7,8 7,9 7,10 7,11 7,12 7,13 
7,7 7,6 7,5 7,4 7,3 6,2 7,2 8,2 
7,7 7,8 7,9 6,10 5,11 4,12 3,13 2,14 
7,7 8,7 9,7 10,6 11,5 12,4 13,3 14,3 
7,7 8,7 9,7 10,7 11,7 12,7 13,7 14,8 14,9 14,10 14,11 14,12 13,13 
7,7 7,8 8,9 9,10 9,11 9,12 10,13 11,14 
7,7 8,7 9,7 9,8 10,9 
7,7 7,6 7,5 7,4 7,3 6,2 5,2 4,2 3,2 2,2 1,1 
7,7 7,8 8,9 9,10 10,10 11,10 12,11 12,12 12,13 
7,7 8,7 9,7 10,6 11,5 
7,7 7,8 7,9 6,10 5,11 4,12 3,13 
7,7 7,8 7,9 7,10 7,11 7,12 
